"","V5","V6","V7","Num"
"",4.90395, 4.72277, -25.2999, 1
