"","V5","V6","V7","Num"
"",-4.1275, -9.45093, -24.0849, 1
