"","V5","V6","V7","Num"
"",-13.6483, -4.80611, -21.8418, 1
