"","V5","V6","V7","Num"
"",-5.31059, -7.32968, -24.5869, 1
