"","V5","V6","V7","Num"
"2753",89.5691,53.9334,-51.3889,4
"2754",-65.3311,96.3137,-5.26934,4
"2755",88.2304,-24.264,-72.1034,4
"2756",104.716,37.3873,-34.7717,4
